2595923
2692566
2704180
2684982
2621868
2627664
2629227
2597671
2626317
2610172
2611470
2862426
2771545
2817453
2774282
2882064
2717021
2676807
2685235
2672602
2816857
2785812
2882549
2811090
2796870
2873037
2807394
2765051
2788947
2719939
2809098
2818802
2812384
2814377
5165284
2787682
2801228
2611271
2630048
2882208
2889375
2882912
5164358
2728949
2875628
2879116
2879491
2881632
2679939
2750273
2746882
2812187
2892937
2756472
2757489
2776308
2625733
2723171
2708339
2878441
2862773
2872979
2861249
2886715
2890345
2872041
2884697
2884199
2806430
2735062
2716249
2711835
2714571
2868535
5169714
5142213
2888405
2871937
2892473
2673671
2676043
2697730
2676819
2700507
2724732
2713611
2740409
2713831
2721969
2709756
2701230
4944342
2624956
2629572
2615288
2783745
2602709
2883568
2884084
2797362
2873473
2783117
2798557
2804701
2682707
2676635
2669987
2782933
2681680
2885309
2862720
2876829
2895233
2736195
2878972
2728522
2887246
2715389
2746058
2713559
2726551
2817709
2750077
2709908
2812446
2798569
2876082
2642796
2821104
2625125
2661529
2632486
2764686
2773109
2773677
2875258
2860182
2861279
2793032
2671069
2860316
2785342
2792825
2822552
2800398
2865422
2638218
2652814
2887988
2877661
2869988
2868801
2875631
2880420
2679868
2676498
2679719
2791286
2786148
2783681
2738584
2794792
2628666
2863732
2895277
2728747
2876671
2860365
2885030
2776899
2775274
2749915
2780216
2724749
2712868
2656985
2868193
2638140
2789084
2717963
2893176
2744285
2804143
2784274
2882359
2885984
2877536
2861554
2703618
2799903
2862659
2875762
2877997
2893874
2894768
2814224
2811120
2871171
2858282
2869049
2604690
4971301
5169854
2602002
2616262
2720146
2698107
2728114
2743908
2741331
2669334
2690492
2671577
2698447
2813108
2625146
2610404
2705580
2673389
2594649
2679262
5134943
2706511
2686831
2738270
2725822
2707515
2733715
2672302
2670886
2701175
2702781
2693328
2597123
2624110
2878688
2883726
2886911
2878833
2881756
2882311
2875301
2713605
2728872
2702379
2738198
2603624
2812952
2805304
2795695
2729694
2716192
2735446
2870957
2625810
2769767
2762296
2803182
2782632
2790108
2890842
2879975
2784721
2736382
2681305
2681641
2671757
2677232
2676392
2630129
2878506
2760561
2604420
2759944
2758890
5134587
2786360
2601864
2599708
2600923
2623915
2606417
2624826
2682865
2690117
2865561
2877421
2881373
2730450
2803983
2677835
2671624
2674362
2861426
2867461
2783918
2811815
2874127
2894063
2740308
2620797
2869428
2888098
2893604
2887800
2887093
2894053
2723276
2706765
2741552
2592886
5117582
2721729
2718444
2716581
2725158
2889953
2873109
2783233
2785410
2891626
2814865
2619922
2608328
2807902
2815294
2874213
2893783
2866048
2882209
2875993
2880525
2867683
2864582
2821653
2865022
2879272
2876706
2858118
2799542
2814087
2882257
2874208
2857978
2871068
2721158
2743241
2670875
2672975
2683611
2698816
2685799
2786078
2871553
2819144
2888719
2881043
2894361
2886872
2863222
2882540
2872823
2865148
2876872
2819359
2793854
2859300
2874848
2887526
2859765
2864667
2893970
2670646
2805906
2795441
2790737
4954960
5135575
2720973
2748414
2745013
2865910
2795564
2790939
2705250
2672003
2711479
2684663
2892483
2735697
2811819
2890537
2722525
2786531
2740404
2628917
2890810
2884471
2865600
2880379
2623851
2622604
2680950
2731371
2717691
2737233
2726590
2716023
2802052
2808783
2795611
5167965
2785493
2757051
2830344
2849797
2635006
2647789
2888858
2874475
2672100
2788042
2650273
2634653
2869789
2739595
2692995
2792066
2691916
2669707
2695608
2806055
2787694
2797312
2786608
2713047
2743993
2712834
2672297
2695233
2678409
2688175
2595780
2615258
2616287
2665257
2643427
2636477
2763061
2760743
2745270
2861424
2887144
2887247
2753612
2693648
2823366
2822665
2769844
2598788
2698924
2794200
2817571
2803993
2769480
2684903
2818526
2709370
2720941
2795710
2785143
2651591
2642270
2729610
2720295
2719796
2732144
2726589
2806653
2790989
2722019
2889626
5134264
2706864
2718161
2801474
2788254
2792493
2893759
2862424
2659466
2666117
2825861
2774220
2749125
2790109
2770524
2863344
2877480
2727717
2776385
2767426
2755603